final_model_0  -0.770242  -0.55  0.16  -0.13
final_model_1  -0.805097  0.05  -0.58  0.31
final_model_2  -0.829765  0.03  -0.31  -0.62
final_model_3  -0.772015  -0.06  0.44  -0.14
final_model_4  -0.761652  -1  0  0
final_model_5  -0.758948  -0.35  -0.32  -0.11
final_model_6  -0.739391  0.26  0.74  0
final_model_7  0.338965  0.32  -0.12  0.14
final_model_8  -0.801772  0.18  -0.43  -0.33
final_model_9  0.7667  -0.5  -0.04  -0.24
final_model_10  -0.799244  -0.04  0.19  -0.59
final_model_11  0.772725  0.17  0.05  0
final_model_12  0.313006  0.16  -0.17  -0.43
final_model_13  0.647288  -0.6  -0.04  -0.36
final_model_14  0.337701  -0.01  0.02  -0.57
final_model_15  -0.855481  -0.17  0.1  -0.55
final_model_16  0.619604  0.34  -0.02  0.12
final_model_17  -0.785016  -0.21  0.14  0.49
final_model_18  0.441504  0.33  -0.25  0
final_model_19  0.75883  0.19  -0.06  -0.19
final_model_20  -0.858077  0.12  -0.07  0.55
final_model_21  0.295028  0.28  0.47  0.13
final_model_22  0.412858  -0.01  0.45  0.12
final_model_23  0.371527  0.12  -0.04  0.42
final_model_24  0.878819  -0.32  -0.04  -0.1
final_model_25  -0.822686  -0.16  0.12  0.66
final_model_26  -0.783797  -0.2  -0.48  -0.32
final_model_27  -0.77644  0.14  -0.52  -0.28
final_model_28  0.373092  0.14  0.27  0.41
final_model_29  0.632313  -0.27  0.22  0.25
final_model_30  0.885948  0.87  0.04  0.09
final_model_31  0.535729  -0.2  0.02  0.4
final_model_32  0.465829  0.01  -0.03  -0.46
final_model_33  0.695753  0.43  0.15  0.08
final_model_34  0.64582  -0.34  0.09  -0.21
final_model_35  -0.798734  0.11  -0.01  0.62
final_model_36  -0.811986  0.26  -0.46  -0.12
final_model_37  0.571745  -0.62  -0.25  -0.03
final_model_38  -0.781551  0.11  -0.71  -0.14
final_model_39  -0.753  -0.04  -0.38  -0.1
final_model_40  -0.820192  -0.01  -0.22  -0.77
final_model_41  -0.789822  -0.06  0.03  -0.69
final_model_42  0.341257  0.22  -0.11  -0.37
final_model_43  0.868581  -0.12  0.18  0
final_model_44  -0.823926  0.43  -0.37  0
final_model_45  -0.792411  0.16  -0.24  0.24
final_model_46  -0.907287  -0.38  0.41  0.19
final_model_47  0.43986  -0.1  -0.24  0
final_model_48  0.400362  0.28  0.32  0.28
final_model_49  -0.670354  -0.23  -0.14  0.29
final_model_50  -0.780764  -0.26  -0.23  0.23
final_model_51  0.395742  0.45  0.01  0.4
final_model_52  0.650265  -0.73  -0.27  0
final_model_53  0.222882  -0.18  0.16  -0.44
final_model_54  -0.787499  -0.11  -0.18  0.41
final_model_55  0.447518  -0.35  0.02  -0.45
final_model_56  0.449242  0.11  -0.2  -0.13
final_model_57  -0.836268  0.45  -0.02  -0.49
final_model_58  0.629227  -0.16  -0.06  -0.34
final_model_59  0.788767  -0.05  0.25  0
final_model_60  0.60677  0.46  0.23  0.05
final_model_61  0.59504  0.45  0.08  0.31
final_model_62  -0.78653  -0.47  -0.25  0.24
final_model_63  -0.74072  0.17  0.33  0.28
final_model_64  0.478414  -0.11  0.25  -0.1
final_model_65  0.409945  -0.03  -0.29  -0.18
final_model_66  0.833203  -0.46  0.2  0
final_model_67  0.406043  -0.07  -0.11  -0.48
final_model_68  -0.748683  -0.08  -0.52  0
final_model_69  0.619245  -0.2  0.12  -0.22
final_model_70  -0.728763  0.29  0.37  0
final_model_71  0.30347  -0.17  -0.47  0
final_model_72  0.209134  -0.11  -0.25  -0.44
final_model_73  -0.820812  0.15  -0.28  -0.51
final_model_74  0.675669  0.42  -0.04  -0.34
final_model_75  0.909237  -0.27  0.09  0
final_model_76  -0.817494  -0.1  0.42  -0.26
final_model_77  0.506265  0.01  0.36  0.17
final_model_78  -0.782464  0.07  -0.58  -0.29
final_model_79  0.703623  -0.26  0.01  0.25
final_model_80  0.247977  -0.18  0.26  0.38
final_model_81  -0.812267  0.27  -0.35  -0.2
final_model_82  0.292627  -0.12  0.07  -0.39
final_model_83  0.606547  0.26  0.2  0.26
final_model_84  -0.80916  0.19  -0.33  -0.42
final_model_85  -0.843508  -0.08  -0.4  0.44
final_model_86  -0.771879  -0.18  -0.67  -0.15
final_model_87  -0.794956  -0.41  -0.59  0
final_model_88  0.348598  -0.44  -0.43  -0.09
final_model_89  0.729175  -0.67  -0.04  -0.29
final_model_90  -0.793679  -0.42  -0.18  0.36
final_model_91  -0.762162  0.02  -0.7  -0.1
final_model_92  -0.825923  0.39  -0.53  0
final_model_93  -0.776344  0.13  -0.42  0.15
final_model_94  0.691895  0.04  0.02  -0.2
final_model_95  0.758702  -0.51  -0.05  0.18
final_model_96  -0.826391  -0.02  0.43  -0.39
final_model_97  -0.760878  0.09  0.91  0
final_model_98  0.775797  0.66  -0.01  0.07
final_model_99  0.618943  -0.59  -0.1  0.11
final_model_100  0.811412  0.39  -0.01  0.04
final_model_101  0.260106  0.27  0.42  0.27
final_model_102  -0.836271  -0.14  0.24  -0.4
final_model_103  0.36331  -0.13  0.06  -0.29
final_model_104  0.921211  0.77  0.09  0
final_model_105  0.263179  0.18  -0.28  -0.26
final_model_106  0.522107  0.37  0.02  -0.43
final_model_107  0.703006  0.28  0.12  0.1
final_model_108  0.46393  -0.16  -0.29  0.09
final_model_109  0.660669  0.35  -0.08  -0.29
final_model_110  -0.83537  0.23  0.3  -0.43
final_model_111  0.535824  0.11  0.18  0.35
final_model_112  -0.801506  -0.17  -0.42  0.35
final_model_113  0.593217  -0.09  0.15  -0.22
final_model_114  -0.833996  0.14  0.17  -0.65
final_model_115  0.439737  0.36  0.38  0.12
final_model_116  0.774237  0.1  0.05  -0.07
final_model_117  0.710121  0.03  0.12  -0.13
final_model_118  -0.78717  -0.02  -0.42  0.36
final_model_119  -0.790667  -0.01  -0.73  -0.26
final_model_120  -0.769943  0.2  0.51  0.29
final_model_121  -0.836874  -0.15  -0.01  -0.84
final_model_122  -0.780502  0.06  -0.66  -0.24
final_model_123  0.72727  0.69  0.09  -0.12
final_model_124  0.306253  0.31  0.23  0.46
final_model_125  0.594923  0.61  0.16  -0.17
final_model_126  0.921144  0.91  0.09  0
final_model_127  -0.773146  -0.06  0.41  0.39
final_model_128  0.750437  0.22  0.04  -0.08
final_model_129  -0.78261  0.24  0.05  0.71
final_model_130  0.424269  0.24  0.01  0.31
final_model_131  -0.830409  0.42  -0.13  -0.35
final_model_132  -0.794806  -0.16  -0.22  0.48
final_model_133  0.683257  -0.2  0.04  -0.16
final_model_134  0.672393  0.33  -0.05  -0.02
final_model_135  -0.761478  0.44  0.38  0.18
final_model_136  0.350387  0.07  0.23  0.5
final_model_137  0.520597  0.4  -0.12  0.26
final_model_138  -0.851666  0.05  0.03  -0.92
final_model_139  -0.772592  0.02  0.3  0.68
final_model_140  -0.771246  1  0  0
final_model_141  0.914269  -0.49  0.11  0
final_model_142  0.91456  0.63  0.11  0
final_model_143  0.248356  0.25  -0.04  -0.47
final_model_144  -0.780206  0.1  0.39  0.51
final_model_145  -0.766793  -0.28  -0.63  -0.09
final_model_146  0.497971  -0.4  -0.28  0
final_model_147  -0.791656  -0.18  0.46  0.2
final_model_148  0.673973  0.07  -0.04  0.15
final_model_149  0.685829  0.21  0.14  -0.13
final_model_150  -0.741499  0.1  0.35  0.11
final_model_151  0.77437  0  0.05  -0.07
final_model_152  -0.912706  -0.36  0.31  0.33
final_model_153  0.645167  0.02  0.1  0.34
final_model_154  0.640331  0.06  -0.13  -0.09
final_model_155  -0.764216  0.38  0.37  0.25
final_model_156  0.780058  0.12  -0.1  0
final_model_157  0.847807  0.11  0.16  0.01
final_model_158  -0.734027  0.35  0.47  0
final_model_159  0.304709  -0.26  -0.5  0
final_model_160  -0.767397  0.13  0.14  0.73
final_model_161  0.338738  -0.27  0.01  -0.52
final_model_162  -0.800989  0.21  -0.2  0.17
final_model_163  -0.788838  -0.52  -0.08  0.36
final_model_164  -0.793705  -0.11  -0.45  0.28
final_model_165  -0.845032  0.32  -0.18  0.24
final_model_166  0.208276  0.33  0.24  -0.39
final_model_167  0.470798  0.49  0.33  0.1
final_model_168  -0.806403  -0.17  0.36  0.39
final_model_169  -0.768337  0.04  0.46  -0.18
final_model_170  0.390107  -0.03  0.23  0.48
final_model_171  -0.797061  0.05  -0.44  -0.47
final_model_172  -0.776984  -0.15  -0.61  -0.22
final_model_173  -0.77901  0.03  -0.19  -0.36
final_model_174  -0.772951  -0.23  -0.34  0.15
final_model_175  -0.748829  -0.31  -0.31  0
final_model_176  -0.781711  -0.05  -0.57  -0.38
final_model_177  0.71582  0.12  -0.01  -0.23
final_model_178  0.709508  0.55  0.17  0.14
final_model_179  -0.769426  0.03  -0.23  -0.46
final_model_180  0.252618  0.04  -0.4  0
final_model_181  0.225357  0.1  0.21  -0.37
final_model_182  0.380437  -0.26  0.05  -0.23
final_model_183  0.312298  -0.4  -0.5  0
final_model_184  -0.815534  0.65  -0.01  -0.28
final_model_185  0.856597  -0.4  0.1  0.06
final_model_186  -0.838636  -0.01  0.46  -0.49
final_model_187  0.546415  0.16  0.17  -0.21
final_model_188  -0.784145  -0.24  -0.59  -0.17
final_model_189  -0.797698  0.12  -0.01  -0.83
final_model_190  0.810139  -0.52  -0.1  0
final_model_191  0.690487  -0.55  0.06  -0.17
final_model_192  -0.769228  0.11  0.63  0.26
final_model_193  -0.773125  -0.03  -0.63  0.1
final_model_194  0.568715  0.5  -0.05  -0.39
final_model_195  0.920587  0.54  0.1  0
final_model_196  0.773966  -0.25  0.05  -0.08
final_model_197  -0.822532  0.02  -0.11  0.75
final_model_198  0.129354  0.28  0.05  -0.55
final_model_199  -0.75243  -0.16  -0.75  -0.09
final_model_200  -0.821402  0.22  -0.22  -0.5
final_model_201  -0.809737  0.25  -0.67  0
final_model_202  0.647993  0.21  -0.09  0
final_model_203  -0.774911  -0.32  -0.45  -0.23
final_model_204  -0.775636  -0.17  0.41  0
final_model_205  -0.76777  -0.05  0.64  0.21
final_model_206  -0.839554  0.03  0.19  -0.68
final_model_207  -0.785633  0.13  -0.59  -0.22
final_model_208  0.586315  -0.36  0.06  0.32
final_model_209  -0.80944  0.24  -0.28  -0.34
final_model_210  0.823929  -0.38  0.02  -0.04
final_model_211  0.376411  -0.5  -0.35  -0.13
final_model_212  0.775753  -0.18  0.01  -0.01
final_model_213  0.63039  -0.65  0.02  -0.21
final_model_214  0.728209  0.01  -0.13  0
final_model_215  -0.772416  0.03  -0.28  -0.29
final_model_216  -0.815914  -0.02  -0.05  0.93
final_model_217  0.777613  0.02  0.18  0
final_model_218  -0.925558  0.27  -0.02  0.61
final_model_219  0.5598  -0.43  0.02  -0.31
final_model_220  -0.758813  -0.15  -0.32  0.21
final_model_221  0.345455  -0.42  -0.2  -0.26
final_model_222  -0.820067  0.02  0.16  -0.82
final_model_223  0.643637  -0.24  -0.08  0.12
final_model_224  0.698709  0.57  -0.04  0.21
final_model_225  0.268357  -0.31  -0.1  0.23
final_model_226  0.225424  -0.3  -0.43  -0.09
final_model_227  0.78976  -0.11  0.05  -0.06
final_model_228  -0.765927  0.24  0.55  0.21
final_model_229  0.717417  0.66  0.05  0.29
final_model_230  -0.916402  -0.21  -0.05  0.58
final_model_231  0.780871  0.59  0.07  -0.08
final_model_232  -0.790569  0.04  -0.35  0.35
final_model_233  -0.830892  -0.01  -0.1  -0.89
final_model_234  0.736452  0.63  0.25  0
final_model_235  -0.780635  0.05  -0.79  -0.1
final_model_236  -0.823347  0.25  -0.02  -0.69
final_model_237  0.471738  -0.06  0.18  0.38
final_model_238  -0.786663  0.12  0.44  -0.22
final_model_239  0.256758  0.2  0.52  0.12
final_model_240  0.667924  -0.11  0.05  -0.2
final_model_241  0.39161  0.05  0.13  0.42
final_model_242  -0.741652  0.31  -0.19  -0.08
final_model_243  -0.824745  -0.07  0.18  0.75
final_model_244  -0.755975  0.48  0.52  0
final_model_245  0.450395  0.04  -0.11  0.35
final_model_246  -0.779275  0.25  0.48  -0.07
final_model_247  0.878537  -0.84  0.08  0
final_model_248  -0.799805  -0.08  0.42  -0.02
final_model_249  0.640631  -0.36  0.12  -0.1
final_model_250  -0.794229  0.03  -0.07  0.6
final_model_251  -0.75762  0.02  0.98  0
final_model_252  -0.792359  0.07  -0.33  -0.54
final_model_253  -0.77202  0.04  0.42  0.42
final_model_254  -0.766405  -0.04  -0.21  -0.61
final_model_255  -0.869618  0.16  0.08  -0.72
final_model_256  -0.767844  -0.25  0.27  -0.1
final_model_257  0.744147  0.37  0.25  0
final_model_258  0.453465  -0.52  -0.12  -0.2
final_model_259  0.470494  0.07  0.15  -0.28
final_model_260  0.863889  0.24  0.12  0
final_model_261  0.560517  0.21  0.01  -0.34
final_model_262  -0.789001  -0.08  -0.92  0
final_model_263  0.456823  0.03  -0.13  0.16
final_model_264  -0.772181  0.27  0.64  0.09
final_model_265  -0.819412  0.01  0.11  -0.74
final_model_266  0.828541  -0.08  0.06  0.12
final_model_267  0.28741  0.24  0.23  0.53
final_model_268  0.797715  0.01  -0.04  0.07
final_model_269  0.354458  0.41  0.1  -0.45
final_model_270  -0.818551  0.35  -0.4  -0.09
final_model_271  -0.779699  -0.04  -0.86  -0.1
final_model_272  0.412221  0.14  0.11  0.51
final_model_273  -0.842856  0.28  0.43  -0.21
final_model_274  0.467803  0.5  0.21  -0.17
final_model_275  0.889458  -0.62  0.05  0.09
final_model_276  -0.782765  0.03  0.03  0.94
final_model_277  0.440297  -0.25  -0.07  -0.38
final_model_278  -0.776056  0.11  0.8  0.09
final_model_279  -0.773544  0.18  0.34  -0.24
final_model_280  -0.763168  0.18  -0.35  -0.19
final_model_281  0.334406  -0.32  -0.04  -0.64
final_model_282  -0.772912  -0.01  -0.29  -0.38
final_model_283  -0.756775  0.03  0.83  0
final_model_284  0.340811  -0.11  0.19  -0.32
final_model_285  0.828481  0.02  0.06  0.12
final_model_286  0.679546  0.18  -0.17  -0.03
final_model_287  0.784601  0.36  -0.16  0
final_model_288  0.228908  0.23  0.18  -0.41
final_model_289  0.864108  0.48  0.04  0.1
final_model_290  0.475036  0.12  -0.07  0.33
final_model_291  -0.780953  0.03  0.16  0.81
final_model_292  -0.825209  0.32  -0.1  -0.52
final_model_293  0.552141  -0.05  -0.37  0
final_model_294  0.603246  -0.52  -0.05  -0.43
final_model_295  0.221866  0.21  -0.01  -0.56
final_model_296  -0.888745  0.44  -0.21  -0.31
final_model_297  0.579749  0.25  -0.08  0.33
final_model_298  0.179159  -0.04  0.11  -0.37
final_model_299  -0.835465  -0.05  -0.52  0.35
final_model_300  -0.814243  -0.13  -0.46  -0.41
final_model_301  0.226701  0.14  0.43  0.43
final_model_302  0.798245  0.3  0.06  -0.04
final_model_303  0.260225  0.05  0.12  0.51
final_model_304  0.503464  -0.08  -0.03  0.19
final_model_305  0.332131  -0.23  0.17  -0.32
final_model_306  0.578005  -0.06  -0.11  0.15
final_model_307  -0.757574  -0.39  0.43  0
final_model_308  0.709619  -0.19  0.18  0.17
final_model_309  -0.799857  -0.13  -0.36  -0.51
final_model_310  0.723  -0.29  -0.03  -0.2
final_model_311  0.727336  0.02  0.06  0.24
final_model_312  0.777714  0.45  0.09  0
final_model_313  -0.760932  -0.27  0.37  0
final_model_314  -0.789884  0.36  0.35  -0.15
final_model_315  -0.766288  0.03  0.09  -0.44
final_model_316  0.716637  0.34  -0.1  -0.14
final_model_317  0.868612  -0.68  0.18  0
final_model_318  0.587488  0.58  0.08  0.34
final_model_319  -0.777749  -0.27  -0.23  0.32
final_model_320  -0.77141  -0.04  0.56  0.28
final_model_321  -0.775451  0.02  0.23  0.75
final_model_322  0.872175  -0.73  -0.07  -0.08
final_model_323  0.59749  0.13  -0.31  0
final_model_324  -0.7973  -0.27  -0.42  -0.31
final_model_325  0.647568  0.66  0.17  -0.09
final_model_326  0.86619  -0.41  -0.05  -0.1
final_model_327  0.509401  0.47  0.04  0.19
final_model_328  -0.811618  0.24  -0.47  -0.23
final_model_329  -0.782514  -0.18  -0.22  -0.6
final_model_330  -0.788518  0.05  -0.43  0.2
final_model_331  -0.732052  -0.11  0.36  0.05
final_model_332  0.553328  -0.11  0.03  0.4
final_model_333  0.618063  0.57  0.21  0.22
final_model_334  -0.776518  0.01  -0.4  -0.25
final_model_335  -0.763116  0.04  0.02  0.5
final_model_336  0.832752  0.84  0.16  0
final_model_337  -0.727471  -0.37  -0.24  -0.15
final_model_338  0.569652  -0.31  -0.1  0.33
final_model_339  0.23652  0.3  0.11  -0.47
final_model_340  0.862703  0.57  -0.03  0
final_model_341  -0.730187  0.07  0.71  0
final_model_342  0.815235  -0.51  -0.06  -0.11
final_model_343  -0.777181  -0.14  -0.82  0
final_model_344  0.406239  -0.23  -0.24  -0.29
final_model_345  -0.76354  -0.14  0.48  -0.12
final_model_346  0.47462  0.17  -0.28  -0.11
final_model_347  0.66907  -0.1  -0.09  -0.27
final_model_348  0.370527  0.4  0.23  -0.19
final_model_349  0.698816  0.58  0.07  -0.17
final_model_350  -0.779198  0.11  -0.81  0
final_model_351  0.80403  0.68  0.01  -0.07
final_model_352  0.632897  0.32  -0.05  -0.37
final_model_353  0.558911  0.5  0.11  0.39
final_model_354  -0.839015  -0.11  0.38  -0.43
final_model_355  -0.823197  0.36  -0.44  0
final_model_356  0.659941  0.34  0.11  0.27
final_model_357  -0.788655  -0.08  0.35  -0.33
final_model_358  0.281438  -0.01  0.01  0.42
final_model_359  0.535056  0.44  0.17  -0.05
final_model_360  0.623768  0.24  0.03  -0.19
final_model_361  0.651556  -0.46  0.15  0.21
final_model_362  0.86659  0.41  -0.06  -0.09
final_model_363  -0.875138  -0.06  -0.07  0.85
final_model_364  0.759151  0.46  0.01  -0.05
final_model_365  0.267199  0.09  -0.32  0.11
final_model_366  -0.821973  -0.01  -0.43  -0.56
final_model_367  -0.794454  -0.14  -0.04  0.64
final_model_368  -0.780481  -0.26  -0.74  0
final_model_369  -0.756962  -0.14  -0.38  -0.1
final_model_370  -0.808192  0.21  -0.55  0
final_model_371  -0.76526  0.06  -0.59  -0.15
final_model_372  -0.783799  -0.07  0.61  -0.22
final_model_373  0.775182  0.63  -0.06  -0.17
final_model_374  0.204444  -0.1  0.02  -0.6
final_model_375  -0.768975  0.2  0.64  0.16
final_model_376  0.654317  0.1  -0.09  -0.27
final_model_377  0.234608  -0.16  -0.16  -0.46
final_model_378  -0.783125  0.14  0.31  0.55
final_model_379  -0.769228  0.09  -0.34  -0.15
final_model_380  -0.782686  -0.25  -0.5  -0.17
final_model_381  0.453476  0.09  0.45  0.14
final_model_382  0.182496  0.14  0.25  -0.49
final_model_383  0.680243  -0.54  -0.22  0
final_model_384  0.558451  -0.28  0.07  0.39
final_model_385  0.502298  -0.06  0.09  0.45
final_model_386  -0.791688  0.14  0.43  0.31
final_model_387  0.732378  -0.85  -0.15  0
final_model_388  -0.78573  -0.01  0.22  -0.33
final_model_389  0.652278  -0.58  -0.07  -0.27
final_model_390  -0.763941  -0.11  -0.51  0.12
final_model_391  0.558927  -0.2  -0.08  0.22
final_model_392  -0.776026  -0.07  0.66  0.07
final_model_393  -0.817793  -0.35  0.05  0.46
final_model_394  -0.774543  0.02  0.51  0.47
final_model_395  -0.894662  0.52  -0.48  0
final_model_396  0.597194  0.14  0.21  0.27
final_model_397  -0.754938  -0.21  0.43  0.1
final_model_398  -0.817397  0.21  0.09  -0.5
final_model_399  -0.832419  0.05  0.51  -0.42
final_model_400  -0.79165  0.25  0.11  0.64
final_model_401  -0.78505  -0.31  -0.63  0
final_model_402  -0.806728  0.9  0  0
final_model_403  -0.807183  0.12  -0.09  -0.77
final_model_404  -0.793586  -0.16  -0.12  0.52
final_model_405  -0.799291  -0.05  -0.18  0.51
final_model_406  0.220848  -0.06  -0.21  -0.37
final_model_407  0.709402  0.33  0.04  -0.13
final_model_408  -0.784274  0.05  -0.7  0.15
final_model_409  -0.76005  0.2  0.43  0.09
final_model_410  0.568885  -0.21  -0.23  0
final_model_411  0.707622  -0.07  0.1  0.25
final_model_412  0.538383  -0.61  -0.16  -0.23
final_model_413  0.225134  -0.14  -0.15  -0.35
final_model_414  -0.758367  0.34  0.66  0
final_model_415  0.275541  0.01  -0.5  -0.01
final_model_416  -0.789003  0.05  -0.5  0.39
final_model_417  -0.771287  0.18  0.72  0.1
final_model_418  -0.801608  0.16  -0.72  0
final_model_419  0.730069  -0.61  -0.03  0.2
final_model_420  -0.77427  0.04  0.1  -0.62
final_model_421  -0.81787  0.19  -0.19  -0.58
final_model_422  0.768411  -0.45  0.29  0
final_model_423  0.855479  -0.58  0.18  0
final_model_424  -0.780938  -0.28  -0.33  -0.27
final_model_425  -0.782815  0.04  -0.7  0.06
final_model_426  0.737985  0.71  -0.03  -0.2
final_model_427  -0.784131  0.34  0.44  -0.1
final_model_428  -0.744331  0.17  0.47  0
final_model_429  -0.785568  -0.16  -0.09  -0.75
final_model_430  -0.849999  -0.1  -0.36  0.3
final_model_431  0.429571  0.12  0.29  -0.09
final_model_432  0.613288  -0.02  0.19  -0.17
final_model_433  0.86593  -0.11  -0.05  -0.1
final_model_434  0.571901  0.5  0.21  0.29
final_model_435  0.699913  0.1  0.19  0.19
final_model_436  0.444214  -0.74  -0.2  -0.06
final_model_437  0.549319  -0.52  0.02  0.36
final_model_438  0.715849  -0.36  -0.18  0
final_model_439  -0.869113  -0.06  0.31  -0.51
final_model_440  0.482333  -0.01  0.1  -0.27
final_model_441  -0.774742  0.03  -0.22  0.15
final_model_442  -0.773042  0.04  0.08  0.64
final_model_443  0.776881  0.44  -0.08  0
final_model_444  0.676619  0.09  0.12  0.25
final_model_445  0.842226  -0.34  0.16  0
final_model_446  0.748958  0.28  -0.05  -0.21
final_model_447  0.805133  -0.66  0.07  -0.05
final_model_448  -0.742018  -0.02  -0.2  0.24
final_model_449  -0.843296  0.22  0.04  0.56
final_model_450  -0.782181  0.4  -0.25  -0.13
final_model_451  0.817116  0.79  0.05  0.16
final_model_452  -0.811501  0.05  -0.04  0.69
final_model_453  -0.850891  -0.1  0.21  -0.51
final_model_454  -0.880182  -0.05  -0.16  0.71
final_model_455  -0.786692  0.1  -0.23  0.31
final_model_456  -0.882371  -0.16  0.22  -0.2
final_model_457  0.687469  -0.68  -0.1  -0.22
final_model_458  0.481575  -0.21  -0.05  0.32
final_model_459  0.833761  -0.07  -0.07  0
final_model_460  0.287522  -0.14  -0.06  -0.44
final_model_461  -0.783723  0.09  0.27  -0.3
final_model_462  -0.758023  0.16  0.84  0
final_model_463  0.811843  0.81  0.11  0.08
final_model_464  -0.853239  0.12  0.35  -0.49
final_model_465  -0.806086  -0.01  -0.53  -0.46
final_model_466  0.47139  0.43  0.12  0.45
final_model_467  -0.754666  -0.02  0.34  0.46
final_model_468  -0.771116  0.11  0.7  0.19
final_model_469  0.631939  -0.35  -0.15  -0.12
final_model_470  0.5546  0.56  0.29  0.15
final_model_471  -0.811718  -0.07  -0.03  0.76
final_model_472  0.809567  0.23  0.05  0.14
final_model_473  -0.689552  -0.17  0.33  0.14
final_model_474  0.224928  0.14  0.24  0.62
final_model_475  -0.907834  -0.01  -0.99  0
final_model_476  -0.815446  0.31  -0.27  -0.26
final_model_477  -0.776828  -0.11  0.22  0.55
final_model_478  0.751336  -0.36  0.07  0.21
final_model_479  -0.780778  0.38  -0.21  0.15
final_model_480  0.568643  0.05  -0.18  -0.27
final_model_481  0.547499  -0.36  -0.09  -0.33
final_model_482  0.65893  -0.23  -0.09  -0.26
final_model_483  -0.77608  0.01  -0.48  -0.31
final_model_484  -0.760292  0.41  0.59  0
final_model_485  0.908538  -0.75  0.11  0
final_model_486  -0.776141  -0.59  -0.41  0
final_model_487  0.685213  -0.06  -0.19  -0.07
final_model_488  -0.795911  -0.03  -0.3  0.27
final_model_489  -0.802968  -0.2  -0.3  -0.5
final_model_490  -0.815735  0.19  -0.12  -0.65
final_model_491  0.214  0.21  -0.1  0.43
final_model_492  0.280496  -0.38  -0.47  -0.15
final_model_493  0.605926  0.08  0.2  -0.18
final_model_494  0.767715  -0.38  0.23  0.07
final_model_495  -0.795567  0.03  0.38  -0.47
final_model_496  -0.811362  0.23  -0.13  -0.52
final_model_497  -0.79067  0.02  0.21  -0.43
final_model_498  -0.746507  0.01  -0.63  0
final_model_499  0.851797  -0.32  0.07  0.09
final_model_500  0.540448  -0.45  -0.08  -0.31
final_model_501  0.871634  -0.58  0.08  0
final_model_502  -0.894952  0.42  -0.12  -0.44
final_model_503  -0.765481  -0.01  0.26  0.57
final_model_504  0.458413  -0.22  -0.15  -0.17
final_model_505  -0.792957  0.04  -0.23  -0.67
final_model_506  -0.779356  -0.05  -0.46  0.21
final_model_507  0.277902  0.26  0.38  0.36
final_model_508  0.764937  -0.37  0.18  0.15
final_model_509  -0.79552  0.11  -0.42  -0.39
final_model_510  0.742302  -0.45  0.05  -0.1
final_model_511  0.748548  0.66  0.18  0.16
final_model_512  -0.764601  0.06  -0.24  -0.2
final_model_513  0.865927  -0.21  -0.05  -0.1
final_model_514  -0.868547  0.61  -0.27  0
final_model_515  -0.799693  -0.14  -0.33  0.39
final_model_516  -0.801312  -0.17  -0.16  -0.67
final_model_517  0.459282  -0.46  -0.12  -0.42
final_model_518  -0.785623  -0.06  -0.2  -0.5
final_model_519  -0.935104  0.25  0.07  -0.66
final_model_520  0.360876  -0.35  -0.19  0.12
final_model_521  0.372516  0.13  0.07  -0.32
final_model_522  -0.794009  -0.37  -0.26  -0.37
final_model_523  -0.767845  0.05  -0.52  -0.21
final_model_524  -0.770406  0.02  0.68  0.3
final_model_525  0.383754  0.5  0.24  -0.06
final_model_526  0.211522  -0.25  -0.1  -0.65
final_model_527  -0.825605  0.09  0.04  0.87
final_model_528  0.528653  0.12  0.01  0.21
final_model_529  0.295769  0.03  -0.05  -0.66
final_model_530  0.578715  0.04  -0.02  0.34
final_model_531  0.169038  0.04  -0.22  -0.56
final_model_532  -0.757479  -0.01  -0.47  -0.14
final_model_533  -0.762575  0.37  0.28  -0.09
final_model_534  0.619092  0.15  0.04  -0.15
final_model_535  -0.787958  0.04  0.28  -0.66
final_model_536  -0.764341  -0.3  -0.23  -0.07
final_model_537  -0.763569  -0.26  -0.35  -0.17
final_model_538  0.643719  0.01  0.01  -0.3
final_model_539  -0.860272  -0.07  -0.18  0.61
final_model_540  0.763317  -0.55  0.01  -0.06
final_model_541  0.257972  -0.29  -0.26  0.11
final_model_542  0.498511  -0.45  0.15  -0.24
final_model_543  -0.784436  -0.13  -0.73  0
final_model_544  -0.769981  0.12  -0.51  0.05
final_model_545  0.468437  0.22  0.23  -0.09
final_model_546  -0.772827  0.02  0.02  -0.76
final_model_547  -0.781455  -0.18  0.34  -0.14
final_model_548  0.317637  -0.36  -0.16  -0.48
final_model_549  0.344826  -0.33  -0.08  0.43
final_model_550  -0.875187  0.31  0.33  -0.3
final_model_551  0.798355  0.76  -0.04  0.04
final_model_552  0.621296  0.4  0.11  -0.19
final_model_553  0.816777  0.58  0.03  0.11
final_model_554  -0.813228  -0.24  -0.03  -0.73
final_model_555  -0.771699  -0.21  -0.59  0
final_model_556  -0.786449  0.08  -0.51  -0.37
final_model_557  0.836269  -0.19  0.05  0.12
final_model_558  0.282567  0.16  0.09  0.65
final_model_559  0.667201  0.64  -0.18  0
final_model_560  0.766123  -0.47  -0.01  0
final_model_561  0.414624  -0.31  0.01  -0.36
final_model_562  -0.736817  -0.07  -0.32  0.09
final_model_563  -0.779039  0.02  0.1  0.88
final_model_564  0.476148  0.43  0.09  -0.32
final_model_565  -0.778755  -0.66  -0.34  0
final_model_566  -0.756411  -0.07  0.33  -0.06
final_model_567  -0.806686  0.05  -0.15  -0.76
final_model_568  -0.795667  -0.02  0.11  -0.53
final_model_569  0.796622  0.09  0.01  0.04
final_model_570  -0.872766  -0.16  0.74  0
final_model_571  0.514238  0.08  -0.17  0.23
final_model_572  0.692864  -0.25  0.1  0.25
final_model_573  -0.770064  0.02  0.84  0.14
final_model_574  -0.786867  0.15  -0.64  0.11
final_model_575  -0.795158  -0.07  0.47  0.24
final_model_576  0.758985  0.26  0.26  0
final_model_577  0.272334  -0.24  -0.07  0.43
final_model_578  -0.770456  0.26  0.37  -0.11
final_model_579  0.361714  -0.25  -0.14  -0.47
final_model_580  0.667542  0.54  -0.16  0
final_model_581  -0.846312  -0.3  -0.33  -0.37
final_model_582  0.221576  -0.13  0.09  0.52
final_model_583  0.87348  0.63  -0.07  -0.08
final_model_584  0.825081  -0.43  0.04  0.15
final_model_585  0.686762  0.19  -0.13  -0.12
final_model_586  0.859961  0.54  -0.07  -0.09
final_model_587  0.324153  -0.36  -0.19  0.23
final_model_588  0.696924  -0.39  -0.07  0
final_model_589  0.492197  -0.44  -0.21  0.11
final_model_590  0.702257  0.28  0.2  0.16
final_model_591  -0.777455  -0.02  0.08  0.56
final_model_592  -0.766411  -0.1  -0.62  0
final_model_593  -0.771418  0.04  0.75  -0.13
final_model_594  -0.717668  -0.28  -0.2  -0.22
final_model_595  0.794933  -0.55  0.14  0.09
final_model_596  -0.761952  -0.09  -0.12  -0.69
final_model_597  -0.779096  0.13  -0.61  0
final_model_598  -0.776  -0.1  -0.04  0.5
final_model_599  -0.823807  0.09  0.52  -0.29
final_model_600  0.471078  -0.09  -0.36  -0.21
final_model_601  0.819949  -0.61  -0.02  0.01
final_model_602  0.463684  0.57  0.43  0
final_model_603  0.6787  0.55  0.09  0.2
final_model_604  -0.799075  0.02  -0.34  0.48
final_model_605  0.604054  -0.1  -0.07  0.31
final_model_606  0.71736  0  0.19  0.17
final_model_607  -0.801532  0.14  0.13  -0.55
final_model_608  -0.809848  0.11  -0.17  -0.68
final_model_609  0.787967  -0.18  0.16  0.08
final_model_610  0.311211  0.16  0.41  0.19
final_model_611  -0.795313  -0.13  -0.57  -0.3
final_model_612  -0.773873  0.01  0.5  0.35
final_model_613  -0.780194  -0.06  0.54  0.18
final_model_614  -0.868095  -0.18  -0.02  -0.66
final_model_615  -0.768753  0.02  0.76  0.22
final_model_616  0.656664  -0.12  -0.17  -0.17
final_model_617  -0.789552  0.19  -0.01  0.48
final_model_618  0.274178  -0.28  -0.14  -0.56
final_model_619  -0.780631  -0.03  0.12  0.69
final_model_620  0.689741  0.66  0.25  0.09
final_model_621  -0.781978  0.25  -0.19  -0.3
final_model_622  -0.75139  0.11  0.32  0.21
final_model_623  0.540043  -0.15  -0.33  0
final_model_624  0.427116  -0.37  -0.12  -0.23
final_model_625  -0.788874  -0.19  -0.39  -0.42
final_model_626  0.305055  -0.08  -0.2  0.1
final_model_627  -0.812496  0.03  0.07  -0.84
final_model_628  0.464313  0.42  0.22  0.36
final_model_629  0.659772  0.47  0.2  0.19
final_model_630  0.826274  -0.76  -0.12  0
final_model_631  0.608915  0.4  0.34  0
final_model_632  0.257474  -0.13  0.19  0.46
final_model_633  -0.751276  -0.18  -0.57  -0.09
final_model_634  -0.769542  0.02  -0.32  0.04
final_model_635  0.582894  0  -0.08  0.26
final_model_636  0.399697  0.41  0.17  -0.28
final_model_637  -0.789558  0.11  -0.24  0.49
final_model_638  -0.776531  -0.04  0.18  0.62
final_model_639  -0.836687  0.52  -0.18  -0.2
final_model_640  -0.827311  -0.09  0.12  -0.63
final_model_641  0.393778  -0.04  0.02  -0.38
final_model_642  -0.782949  0.09  -0.14  -0.49
final_model_643  -0.789398  0.24  0.26  -0.32
final_model_644  -0.81028  0.18  -0.39  -0.09
final_model_645  -0.787878  0.5  -0.26  0
final_model_646  0.65043  0.63  0.13  0.24
final_model_647  0.228288  -0.04  -0.08  0.38
final_model_648  0.766805  -0.27  0.21  0.1
final_model_649  -0.760135  0.15  0.59  0
final_model_650  -0.815072  0.3  -0.58  0
final_model_651  0.769361  -0.71  -0.03  0
final_model_652  0.902907  0.05  0.09  0
final_model_653  -0.731788  0  0.37  0.29
final_model_654  -0.748473  0.04  0.3  0.34
final_model_655  0.584238  0.1  -0.2  0
final_model_656  -0.76613  -0.29  -0.43  0.12
final_model_657  0.624111  0.23  0.1  0.31
final_model_658  0.408818  0.17  0.14  0.43
final_model_659  -0.791561  0.09  -0.36  -0.27
final_model_660  0.869993  -0.81  -0.03  0
final_model_661  0.764916  0.56  -0.04  -0.26
final_model_662  0.500028  -0.2  0.02  -0.4
final_model_663  0.67782  -0.29  -0.11  0
final_model_664  0.701206  0.5  0.04  -0.14
final_model_665  -0.760213  0.11  -0.44  -0.17
final_model_666  0.776139  -0.54  0.28  0
final_model_667  0.744266  0.7  0.17  0.05
final_model_668  -0.845026  -0.08  0.27  0.65
final_model_669  0.729618  -0.65  -0.13  0
final_model_670  -0.790579  0.04  -0.47  0.29
final_model_671  -0.806701  0.14  -0.29  -0.35
final_model_672  0.774161  -0.49  0.21  0.1
final_model_673  -0.775092  -0.52  -0.28  -0.2
final_model_674  -0.819772  0.35  -0.2  -0.31
final_model_675  -0.807229  -0.01  -0.02  -0.97
final_model_676  -0.767155  -0.12  -0.41  0.17
final_model_677  0.239309  0.11  0.04  -0.61
final_model_678  0.77294  -0.79  -0.05  -0.16
final_model_679  0.221155  0.03  0.42  -0.05
final_model_680  0.392786  0.3  0.04  0.22
final_model_681  0.37107  0.09  0.01  -0.48
final_model_682  0.625676  -0.01  -0.08  -0.33
final_model_683  0.629921  0.24  -0.28  0
final_model_684  -0.77628  0.06  -0.9  0
final_model_685  0.722729  -0.39  -0.03  -0.2
final_model_686  -0.777867  0.48  -0.08  0.22
final_model_687  -0.809463  0.1  0.15  -0.45
final_model_688  -0.773923  -0.07  -0.64  -0.11
final_model_689  -0.778711  0.06  0.55  -0.21
final_model_690  0.512121  -0.62  -0.24  -0.14
final_model_691  -0.774391  0.21  0.31  0.48
final_model_692  -0.806351  -0.28  -0.23  -0.37
final_model_693  -0.865162  0.02  -0.08  0.5
final_model_694  0.356939  -0.08  0  -0.5
final_model_695  -0.789637  0.08  0.65  -0.13
final_model_696  -0.765578  0.24  0.62  0
final_model_697  0.756652  0.37  0.17  0.16
final_model_698  0.848307  -0.24  0.18  0
final_model_699  -0.784427  0.17  -0.32  0.19
final_model_700  0.307198  0.33  0.21  0.08
final_model_701  -0.782559  -0.5  -0.5  0
final_model_702  0.709536  -0.2  -0.12  0
final_model_703  0.347231  0.29  0.12  0.55
final_model_704  0.802806  0.69  0.06  0.17
final_model_705  0.401195  0.49  0.28  0.23
final_model_706  0.676197  0.16  -0.01  0.11
final_model_707  0.752123  0.05  0.29  0
final_model_708  -0.784839  -0.14  -0.07  0.41
final_model_709  -0.78901  -0.01  -0.59  0.18
final_model_710  -0.819353  -0.01  0.61  -0.32
final_model_711  -0.775848  0.03  0.4  -0.27
final_model_712  0.385223  -0.18  0  -0.5
final_model_713  -0.895709  0.39  -0.34  -0.23
final_model_714  0.534614  -0.43  -0.04  0.37
final_model_715  0.541931  -0.55  -0.31  0
final_model_716  -0.795582  -0.06  -0.25  -0.69
final_model_717  -0.763059  0  -0.55  -0.09
final_model_718  -0.789471  -0.17  -0.51  -0.24
final_model_719  0.315912  -0.39  -0.41  0
final_model_720  0.76544  -0.15  -0.06  -0.19
final_model_721  0.773719  -0.71  0.05  0.1
final_model_722  0.834119  0.75  -0.05  -0.06
final_model_723  0.458338  -0.53  -0.12  -0.35
final_model_724  -0.79934  -0.01  -0.66  -0.33
final_model_725  0.778955  0.11  0.09  0.16
final_model_726  0.781764  0.73  0.27  0
final_model_727  -0.788981  0  -0.22  0.38
final_model_728  0.896519  -0.18  0.1  0
final_model_729  0.609735  0.66  0.34  0
final_model_730  0.665058  -0.72  -0.14  -0.14
final_model_731  0.686881  -0.05  0  0.27
final_model_732  -0.814509  -0.3  -0.23  -0.47
final_model_733  0.521588  -0.3  -0.4  0
final_model_734  -0.780675  -0.1  -0.42  -0.28
final_model_735  0.865706  0.27  -0.04  -0.11
final_model_736  -0.776377  0.05  0.35  -0.36
final_model_737  0.49878  0.15  0.35  0
final_model_738  0.440632  0.23  0.25  0.34
final_model_739  0.541681  0.15  -0.07  -0.44
final_model_740  0.804559  -0.31  -0.01  0.04
final_model_741  -0.767009  0.32  -0.34  0
final_model_742  -0.79682  -0.05  -0.45  -0.48
final_model_743  -0.777076  -0.07  0.66  -0.03
final_model_744  0.710787  0.19  0.2  0.15
final_model_745  -0.741588  0.01  0.63  0
final_model_746  -0.772188  -0.49  -0.25  -0.12
final_model_747  0.663361  -0.16  0.07  0.21
final_model_748  0.643454  -0.14  0.13  -0.13
final_model_749  0.439674  0.01  -0.07  -0.56
final_model_750  -0.803027  -0.05  -0.07  0.68
final_model_751  -0.787264  -0.21  0.15  0.4
final_model_752  0.457015  0.12  -0.07  -0.55
final_model_753  0.754712  0.5  -0.05  -0.17
final_model_754  0.411723  0.34  0.04  0.48
final_model_755  0.809939  -0.03  0.14  0.09
final_model_756  0.500849  0.38  0.05  0.17
final_model_757  0.370632  -0.02  0.28  0.12
final_model_758  0.793887  0.71  -0.11  0
final_model_759  0.431201  -0.38  -0.07  -0.55
final_model_760  -0.764399  -0.37  0.27  -0.14
final_model_761  -0.819823  -0.09  0.4  0.17
final_model_762  -0.762096  0.02  0.91  0.07
final_model_763  0.744044  0.41  0.07  -0.1
final_model_764  -0.847512  -0.17  0.39  0.28
final_model_765  -0.785495  -0.06  -0.14  -0.8
final_model_766  0.890075  -0.06  0.1  0
final_model_767  -0.759777  0.32  0.28  0.2
final_model_768  -0.802082  0.04  0.29  -0.51
final_model_769  -0.795113  -0.26  0.03  0.65
final_model_770  -0.773827  0.02  0.58  0.4
final_model_771  0.310263  0.13  -0.04  -0.67
final_model_772  0.879146  -0.86  -0.04  -0.1
final_model_773  0.340085  0.26  0.31  0.09
final_model_774  -0.830729  0.42  -0.21  -0.21
final_model_775  -0.795987  0.02  0.37  0.61
final_model_776  -0.798144  -0.16  -0.25  0.29
final_model_777  -0.84246  0.05  0.22  -0.59
final_model_778  0.872235  0.16  -0.04  -0.1
final_model_779  -0.795439  -0.23  0.04  0.53
final_model_780  0.625372  0.02  -0.16  -0.18
final_model_781  -0.771847  0.27  0.28  -0.21
final_model_782  0.680395  0.45  -0.07  -0.26
final_model_783  0.865818  -0.01  -0.05  -0.1
final_model_784  0.435423  -0.07  0.25  -0.24
final_model_785  -0.799191  0.1  -0.36  -0.46
final_model_786  0.566887  0.27  0.14  -0.23
final_model_787  -0.7348  0.22  -0.42  0
final_model_788  -0.782626  -0.05  -0.77  -0.18
final_model_789  0.285752  0.17  -0.29  0.08
final_model_790  -0.724435  0.17  0.44  -0.11
final_model_791  -0.790753  0.05  -0.58  0.11
final_model_792  -0.712196  0.05  0.42  0.05
final_model_793  -0.784993  0.06  0.07  0.77
final_model_794  -0.802632  -0.12  0.53  -0.21
final_model_795  0.212466  0.22  0.12  -0.32
final_model_796  0.517769  0.34  0.01  -0.27
final_model_797  0.610806  -0.41  -0.07  0.1
final_model_798  0.569181  0.36  0  0.36
final_model_799  0.334281  0.47  0.43  0.1
final_model_800  0.239131  -0.13  -0.48  -0.09
final_model_801  -0.745846  -0.41  0.19  0.28
final_model_802  -0.711525  -0.15  0.25  0.26
final_model_803  -0.766707  -0.17  -0.26  -0.13
final_model_804  -0.806956  0.03  -0.03  -0.84
final_model_805  0.356447  0.12  0.13  -0.13
final_model_806  0.606708  -0.45  -0.19  0
final_model_807  -0.906466  -0.18  0.03  0.71
final_model_808  -0.78744  -0.05  0.56  0.09
final_model_809  -0.802783  -0.09  -0.68  -0.23
final_model_810  0.719362  0.18  0.13  0.09
final_model_811  0.902766  -0.52  0.04  0.08
final_model_812  -0.78601  -0.11  -0.23  0.18
final_model_813  0.543597  -0.44  0.09  0.37
final_model_814  -0.815564  0.18  -0.02  -0.76
final_model_815  0.316713  -0.22  0.07  -0.31
final_model_816  0.803787  0.26  0  0.04
final_model_817  -0.794831  -0.2  -0.27  -0.39
final_model_818  -0.765737  -0.09  0.32  0.37
final_model_819  -0.795419  -0.09  0.65  -0.12
final_model_820  -0.904264  -0.36  -0.56  -0.08
final_model_821  0.674986  -0.1  0.2  0.2
final_model_822  0.660674  0.33  0.15  -0.14
final_model_823  -0.805631  0.14  -0.47  -0.03
final_model_824  -0.794665  -0.07  -0.03  -0.9
final_model_825  0.571521  0.35  0.21  0.28
final_model_826  -0.789541  -0.06  -0.34  -0.6
final_model_827  0.879688  -0.61  -0.06  -0.09
final_model_828  0.657104  0.19  0.13  0.22
final_model_829  0.268001  0.34  0.29  0.37
final_model_830  0.762141  -0.27  0.06  0.17
final_model_831  0.569759  0.51  0.05  -0.24
final_model_832  -0.835179  -0.06  0.05  0.89
final_model_833  -0.83457  0.17  0.05  0.78
final_model_834  -0.773742  -0.19  -0.45  0.12
final_model_835  -0.801672  0.19  -0.12  0.27
final_model_836  -0.767851  0.04  0.58  0.22
final_model_837  -0.807016  0.23  -0.58  -0.11
final_model_838  0.431142  0.46  -0.05  0.13
final_model_839  0.638166  0.53  0.14  -0.09
final_model_840  -0.783749  -0.1  -0.45  -0.19
final_model_841  0.77617  -0.34  0.28  0
final_model_842  0.653778  -0.17  0.06  0.31
final_model_843  -0.768771  -0.02  -0.45  0.11
final_model_844  -0.772573  -0.06  0.74  -0.12
final_model_845  -0.809189  -0.06  0.5  -0.34
final_model_846  -0.829431  0.36  -0.02  -0.58
final_model_847  0.751139  0.12  0.21  0.09
final_model_848  0.257803  0.39  0.48  0.13
final_model_849  0.424527  0.32  -0.21  -0.17
final_model_850  0.245611  0.07  0.54  -0.11
final_model_851  -0.796542  -0.06  -0.05  -0.81
final_model_852  0.775679  -0.21  0.29  0
final_model_853  0.644809  -0.01  0.18  0.29
final_model_854  -0.781712  0  0.28  -0.18
final_model_855  0.620063  0.2  -0.1  -0.28
final_model_856  0.55985  0.22  -0.03  0.23
final_model_857  -0.840772  0.57  -0.22  -0.11
final_model_858  -0.814484  -0.11  0.04  0.81
final_model_859  0.285196  0.23  -0.08  0.13
final_model_860  0.306938  -0.1  -0.1  -0.58
final_model_861  0.717888  -0.52  0.07  0.21
final_model_862  -0.777341  0.02  -0.38  -0.34
final_model_863  -0.774014  0.02  0.44  0.54
final_model_864  -0.791062  -0.11  0.55  0
final_model_865  -0.792307  -0.07  0.76  -0.03
final_model_866  -0.767022  0.71  -0.03  0.2
final_model_867  -0.813299  -0.15  0.61  0.08
final_model_868  -0.823448  0.16  0.46  -0.3
final_model_869  0.751354  0.15  0.25  0
final_model_870  0.702851  0.01  -0.23  0
final_model_871  -0.801957  0.11  -0.26  -0.43
final_model_872  0.563708  -0.15  -0.13  0.14
final_model_873  -0.79197  -0.01  -0.83  0
final_model_874  0.777223  0.36  0.14  0
final_model_875  -0.790635  -0.06  0.3  0.26
final_model_876  0.319316  -0.28  0.14  -0.14
final_model_877  -0.782757  -0.07  0  0.59
final_model_878  0.478719  0.06  -0.08  -0.4
final_model_879  -0.741821  0.03  0.51  0
final_model_880  -0.79056  0.08  -0.36  0.26
final_model_881  -0.767441  -0.4  -0.31  0.11
final_model_882  0.772688  -0.12  0  0.06
final_model_883  -0.780648  0.24  0.53  -0.21
final_model_884  -0.776863  -0.11  -0.34  -0.33
final_model_885  0.693721  0.06  -0.07  -0.19
final_model_886  0.59259  0.14  0.07  0.35
final_model_887  0.679118  -0.43  -0.01  0.28
final_model_888  0.757339  -0.04  -0.06  -0.2
final_model_889  -0.779267  0.05  0.65  -0.22
final_model_890  -0.8095  0.05  -0.19  0.58
final_model_891  -0.898008  0.36  -0.18  -0.4
final_model_892  0.766676  -0.09  0.21  0.1
final_model_893  0.480283  0.08  0  -0.36
final_model_894  0.584194  -0.06  -0.18  -0.28
final_model_895  0.540954  -0.4  -0.07  0.19
final_model_896  0.271399  -0.14  -0.27  -0.27
final_model_897  0.652521  -0.55  -0.15  -0.12
final_model_898  0.562222  0.38  0.12  0.36
final_model_899  -0.802336  -0.01  -0.35  -0.48
final_model_900  -0.774471  -0.9  0  0
final_model_901  -0.77318  0.08  0.35  -0.19
final_model_902  -0.797696  -0.42  -0.3  -0.28
final_model_903  -0.796672  -0.44  -0.36  -0.2
final_model_904  -0.815388  0.1  -0.13  0.45
final_model_905  -0.77263  0.1  0.54  0.36
final_model_906  -0.780899  -0.04  -0.74  0
final_model_907  -0.772277  0.04  0.72  0.12
final_model_908  -0.853024  -0.05  -0.27  0.52
final_model_909  -0.795006  0.08  -0.4  0.42
